0,273
0,270
3,2
10,312
10,158
10,120
10,190
10,236
10,102
10,4
10,26
10,3
11,2
11,3
9,6
9,4
8,11
8,5
8,16
8,12
8,14
139,3
139,2
139,1
139,0
138,19
138,18
138,17
138,16
138,15
138,14
138,13
138,12
138,11
138,10
138,9
138,8
138,7
138,6
138,5
138,4
138,3
138,2
138,1
138,0
134,6
134,5
134,4
134,3
134,2
134,1
134,0
130,19
130,18
130,17
130,16
130,15
130,14
130,13
130,12
130,11
130,10
130,9
130,8
130,7
130,6
130,5
130,4
130,3
130,2
130,1
130,0
126,3
126,2
126,1
126,0
124,3
124,2
124,1
124,0
122,3
122,2
122,1
122,0
120,3
120,2
120,1
25,3
25,1
20,3
20,2
20,1
19,3
19,2
19,1
12,3
12,2
12,1
11,30
11,29
11,28
11,27
11,26
11,25
11,24
11,23
11,22
11,21
11,20
11,19
11,18
11,16
11,15
18,1
11,14
18,3
11,13
11,12
11,11
